1232856394
1232856395
1232856396
1232856397
1232856398
1232856400
1232856401
1232856402
1232856403
1232856404
1232856405
1232856406
1232856407
1232856408
1232856410
1232856411
1232856412
1232856413
1232856414
1232856415
1232856417
1232856418
1232856419
1232856420
1232856421
1232856422
1232856423
1232856424
1232856425
1232856426
1232856427
1232856428
1232856429
1232856430
1232856431
1232856432
1232856433
1232856434
1232856435
1232856437
1232856438
1232856439
1232856440
1232856441
1232856442
1232856443
1232856444
1232856445
1232856446
1232856447
1232856448
1232856449
1232856450
1232856451
1232856452
1232856453
1232856454
1232856455
1232856456
1232856457
1232856458
1232856459
1232856460
1232856461
1232856462
1232856463
1232856464
1232856465
1232856466
1232856467
1232856468
1232856469
1232856470
1232856471
1232856472
1232856473
1232856474
1232856475
1232856476
1232856477
1232856478
1232856479
1232856480
1232856481
1232856482
1232856483
1232856484
1232856485
1232856486
1232856488
1232856489
1232856490
1232856491
1232856492
1232856493
1232856495
1232856496
1232856497
1232856498
1232856499
1232856500
1232856501
1232856502
1232856503
1232856504
1232856505
1232856506
1232856507
1232856508
1232856509
1232856510
1232856511
1232856512
1232856513
1232856514
1232856515
1232856516
1232856517
1232856518
1232856519
1232856520
1232856521
1232856522
1232856524
1232856525
1232856526
1232856527
1232856528
1232856529
1232856530
1232856532
1232856533
1232856534
1232856535
1232856536
1232856537
1232856538
1232856539
1232856540
1232856541
1232856542
1232856543
1232856544
1232856545
1232856546
1232856547
1232856548
1232856549
1232856550
1232856551
1232856552
1232856553
1232856554
1232856555
1232856556
1232856557
1232856558
1232856559
1232856560
1232856561
1232856562
1232856564
1232856565
1232856566
1232856567
1232856568
1232856569
1232856570
1232856571
1232856573
1232856574
1232856575
1232856576
1232856577
1232856578
1232856580
1232856581
1232856582
1232856583
1232856584
1232856585
1232856586
1232856587
1232856588
1232856589
1232856590
1232856591
1232856592
1232856594
1232856597
1232856598
1232856600
1232856601
1232856602
1232856603
1232856604
1232856607
1232856608
1232856609
1232856610
1232856611
1232856612
1232856613
1232856614
1232856615
1232856616
1232856617
1232856618
1232856619
1232856620
1232856621
1232856622
1232856623
1232856624
1232856625
1232856626
1232856627
1232856628
1232856629
1232856630
1232856631
1232856632
1232856633
1232856634
1232856635
1232856636
1232856637
1232856638
1232856639
1232856640
1232856641
1232856642
1232856643
1232856644
1232856645
1232856646
1232856647
1232856649
1232856650
1232856651
1232856652
1232856653
1232856654
1232856655
1232856656
1232856657
1232856658
1232856659
1232856660
1232856661
1232856662
1232856663
1232856664
1232856665
1232856666
1232856667
1232856668
1232856670
1232856671
1232856672
1232856673
1232856674
1232856675
1232856676
1232856677
1232856678
1232856679
1232856680
1232856681
1232856683
1232856685
1232856686
1232856687
1232856688
1232856689
1232856690
1232856691
1232856692
1232856693
1232856694
1232856695
1232856697
1232856698
1232856699
1232856700
1232856701
1232856702
1232856703
1232856704
1232856705
1232856706
1232856707
1232856708
1232856709
1232856711
1232856712
1232856713
1232856714
1232856715
1232856716
1232856717
1232856718
1232856719
1232856720
1232856721
1232856722
1232856723
1232856724
1232856725
1232856727
1232856728
1232856730
1232856732
1232856733
1232856734
1232856735
1232856736
1232856737
1232856738
1232856739
1232856740
1232856741
1232856742
1232856743
1232856744
1232856745
1232856746
1232856748
1232856749
1232856750
1232856751
1232856752
1232856753
1232856754
1232856755
1232856756
1232856757
1232856758
1232856759
1232856760
1232856761
1232856762
1232856763
1232856764
1232856765
1232856766
1232856767
1232856769
1232856770
1232856771
1232856772
1232856773
1232856774
1232856775
1232856776
1232856777
1232856778
1232856779
1232856780
1232856781
1232856782
1232856783
1232856784
1232856785
1232856786
1232856787
1232856788
1232856789
1232856791
1232856792
1232856793
1232856794
1232856795
1232856796
1232856797
1232856798
1232856799
1232856800
1232856801
1232856802
1232856803
1232856804
1232856805
1232856806
1232856807
1232856808
1232856809
1232856810
1232856811
1232856812
1232856813
1232856814
1232856815
1232856816
1232856817
1232856818
1232856819
1232856820
1232856821
1232856822
1232856823
1232856824
1232856826
1232856827
1232856828
1232856829
1232856830
1232856832
1232856833
1232856834
1232856835
1232856836
1232856837
1232856838
1232856839
1232856840
1232856841
1232856843
1232856844
1232856845
1232856847
1232856848
1232856849
1232856851
1232856852
1232856853
1232856854
1232856855
1232856856
1232856857
1232856858
1232856860
1232856862
1232856863
1232856864
1232856865
1232856866
1232856867
1232856868
1232856869
1232856870
1232856871
1232856872
1232856875
1232856876
1232856877
1232856879
1232856880
1232856881
1232856882
1232856884
1232856885
1232856886
1232856887
1232856888
1232856889
1232856890
1232856891
1232856892
1232856893
1232856894
1232856895
1232856896
1232856899
1232856902
1232856904
1232856906
1232856907
1232856908
1232856910
1232856912
1232856913
1232856914
1232856915
1232856917
1232856918
1232856919
1232856921
1232856922
1232856927
1232856928
1232856929
1232856932
1232856935
1232856936
1232856939
1232856940
1232856943
1232856944
1232856947
1232856948
1232856952
1232856953
1232856954
1232856955
1232856957
1232856959
1232856962
1232856963
1232856964
1232856965
1232856969
1232856970
1232856972
1232856973
1232856977
1232856978
1232856979
1232856980
1232856983
1232856985
1232856987
1232856988
1232856990
1232856992
1232856995
1232856998
1232857000
1232857001
1232857004
1232857005
1232857006
1232857007
1232857013
1232857018
1232857020
1232857021
1232857023
1232857025
1232857030
1232857032
1232857034
1232857037
1232857043
1232857045
1232857049
1232857060
1232857064
1232857066
1232857076
1232857080
1232857084
1232857085
1232857086
1232857088
1232857092
1232857093
1232857094
1232857095
1232857096
1232857099
1232857100
1232857102
1232857104
1232857106
1232857107
1232857114
1232857115
1232857116
1232857118
1232857119
1232857120
1232857122
1232857123
1232857125
1232857128
1232857129
1232857130
1232857131
1232857132
1232857133
1232857134
1232857140
1232857143
1232857144
1232857147
1232857148
1232857150
1232857158
1232857160
1232857162
1232857163
1232857165
1232857166
1232857167
1232857168
1232857170
1232857171
1232857172
1232857173
1232857177
1232857179
1232857182
1232857183
1232857186
1232857187
1232857188
1232857192
1232857194
1232857195
1232857197
1232857198
1232857203
1232857206
1232857208
1232857209
1232857211
1232857212
1232857215
1232857217
1232857219
1232857220
1232857221
1232857222
1232857223
1232857225
1232857226
1232857229
1232857230
1232857231
1232857232
1232857235
1232857236
1232857238
1232857239
1232857241
1232857242
1232857252
1232857253
1232857257
1232857259
1232857263
1232857267
1232857268
1232857269
1232857270
1232857271
1232857272
1232857273
1232857274
1232857277
1232857278
1232857281
1232857286
1232857288
1232857289
1232857292
1232857295
1232857297
1232857298
1232857300
1232857303
1232857308
1232857313
1232857317
1232857318
1232857319
1232857321
1232857326
1232857330
1232857331
