1
2
3
4
5
6
7
8
9
10
11
12
13
14
15
16
17
19
20
21
22
25
26
29
31
33
34
35
36
43
47
48
51
52
54
56
57
58
60
65
67
68
69
70
73
75
78
81
82
83
86
87
88
96
97
104
105
106
107
108
109
110
111
116
117
119
120
121
122
123
124
125
127
130
131
132
133
134
135
136
137
138
139
140
141
142
143
144
145
146
147
148
149
150
151
152
153
154
155
156
157
158
159
160
161
162
163
164
165
166
167
168
169
170
171
172
173
174
175
176
177
178
179
180
181
182
183
184
185
186
187
188
189
190
191
192
194
195
196
197
198
199
200
201
202
203
205
206
207
208
209
210
211
212
213
214
215
216
217
218
219
220
221
222
223
224
225
226
227
228
229
230
231
233
234
235
236
237
238
239
240
241
242
244
245
246
247
248
249
250
251
252
253
254
255
256
257
258
259
260
261
262
264
265
266
267
268
269
271
273
274
275
279
280
282
283
289
290
291
292
293
295
297
300
301
310
311
312
316
317
319
322
323
324
326
327
328
329
330
335
339
341
342
343
347
349
350
357
363
364
367
373
380
385
390
391
392
393
394
397
399
401
403
407
414
417
418
422
424
425
426
432
438
440
442
445
447
451
452
454
456
457
464
471
476
479
480
481
487
489
495
505
506
507
511
516
523
526
527
528
530
531
534
535
555
557
559
561
562
563
564
565
567
568
569
572
573
577
585
586
587
588
596
597
598
603
604
605
613
614
615
617
619
622
628
630
631
632
633
634
636
637
638
640
641
642
643
644
645
646
647
648
649
650
651
652
653
654
655
656
657
658
659
660
662
663
664
665
666
667
668
669
670
671
672
673
674
675
676
677
678
679
680
681
682
683
684
685
686
687
688
689
690
691
692
693
694
695
696
697
698
700
701
702
703
704
705
706
707
708
709
711
712
713
715
716
717
718
719
720
721
722
723
724
725
726
727
728
730
731
732
733
734
735
737
739
740
741
742
743
744
745
746
747
748
749
750
751
752
753
754
755
756
757
758
759
760
761
762
763
764
766
768
769
770
771
772
773
774
775
776
777
778
779
780
781
782
783
784
786
787
788
789
790
791
792
793
794
795
796
797
798
799
800
801
802
803
804
805
806
807
808
809
810
811
812
814
815
816
817
819
820
821
822
823
824
825
826
827
828
829
830
831
832
833
834
835
836
837
838
839
840
841
842
843
844
845
846
847
848
849
850
851
852
853
854
855
856
857
858
859
860
861
862
864
865
867
868
869
870
871
872
873
874
875
876
877
878
879
880
881
882
883
884
885
886
887
888
889
890
891
892
893
894
895
896
897
898
899
900
901
902
903
904
905
906
907
908
910
913
914
916
917
926
934
943
949
951
962
963
964
965
966
967
968
969
970
971
972
973
974
976
977
978
980
986
987
995
1022
1023
1024
1025
1026
1027
1028
1029
1030
1031
1034
1035
1036
1037
1038
1039
1043
1047
1051
1055
1098
1099
1100
1101
1102
1103
1104
1105
1106
1107
1108
1109
1110
1111
1112
1114
1115
1117
1120
1141
1163
1164
1165
1166
1167
1168
1169
1170
1171
1172
1174
1175
1177
1181
1183
1184
1188
1189
1195
1202
1219
1220
1221
1222
1223
1224
1225
1226
1227
1228
1229
1230
1231
1233
1235
1236
1238
1243
1247
1248
1287
1307
1310
1314
1320
1323
1329
1332
1333
1335
1336
1339
1340
1341
1342
1344
1356
1362
1364
1370
1375
1376
1377
1379
1380
1385
1387
1401
1403
1417
1420
1421
1422
1424
1426
1427
1430
1432
1433
1434
1435
1436
1442
1444
1445
1446
1447
1448
1449
1450
1451
1452
1453
1456
1457
1458
1459
1460
1461
1462
1463
1464
1465
1466
1468
1495
1541
1542
1543
1544
1545
1546
1547
1548
1549
1550
1551
1552
1553
1554
1555
1556
1557
1558
1559
1560
1561
1562
1563
1564
1565
1566
1567
1568
1569
1570
1571
1572
1573
1574
1575
1576
1577
1578
1579
1581
1582
1587
1588
1589
1590
1594
1596
1597
1600
1601
1603
1608
1610
1613
1614
1620
1623
